Иван Иванов,ИТ-101,1,5,4,3,4,3,5,4,3
Петр Петров,ИТ-102,1,4,3,5,5,4,3,4,5
Алексей Сидоров,ИТ-103,1,3,1,1,2,2,2,2,2
Мария Смирнова,ИТ-104,2,5,4,3,4,5,5,3,4
Анна Кузнецова,ИТ-105,2,4,3,5,5,4,3,5,4
Сергей Попов,ИТ-106,2,5,4,4,3,3,5,4,3
Елена Федорова,ИТ-107,3,5,5,5,4,4,5,5,5
Дмитрий Волков,ИТ-108,3,3,3,4,5,5,4,3,4
Виктория Михайлова,ИТ-109,3,4,5,4,3,5,4,4,5
Владимир Соколов,ИТ-110,4,5,3,5,5,4,3,4,5
Ксения Иванова,ИТ-111,4,4,4,3,5,5,5,4,3
Григорий Леонов,ИТ-112,4,5,5,4,4,3,5,4,5
Ольга Борисова,ИТ-113,1,3,4,5,5,5,4,3,4
Николай Савельев,ИТ-114,1,5,5,4,3,4,5,3,5
Ирина Лазарева,ИТ-115,2,4,5,5,4,3,5,4,4
Максим Громов,ИТ-116,3,3,3,4,5,4,5,5,5
Екатерина Павлова,ИТ-117,3,5,4,5,4,4,3,5,4
Андрей Князев,ИТ-118,4,4,5,3,5,4,5,3,4
Полина Тихонова,ИТ-119,4,5,3,4,4,5,5,4,5
Юлия Королева,ИТ-120,5,3,5,5,4,4,3,5,4
Артур Егоров,ИТ-121,5,4,4,3,5,5,5,4,3
Татьяна Медведева,ИТ-122,5,5,3,5,4,5,4,3,5
Кирилл Новиков,ИТ-123,1,4,4,5,4,3,5,5,4
Оксана Петрова,ИТ-124,2,5,3,4,3,5,4,5,5
Наталья Белова,ИТ-125,2,4,5,5,4,3,5,3,4
Федор Соловьев,ИТ-126,3,3,5,4,5,5,4,4,5
Александра Романова,ИТ-127,4,5,3,5,4,5,4,3,4
Артем Шаров,ИТ-128,4,4,5,3,4,5,5,5,4
Марина Ковалева,ИТ-129,5,5,4,3,5,4,3,5,4
Игорь Орлов,ИТ-130,5,3,5,4,4,5,5,4,3
